First matrix:
 38 91 82 51
 48 94  4 89
  3 41 63 24
 80 67 42 33

Second matrix:
 56 77 16 73
 20 55 33 30
 56 82 87 29
 14 42 50 75

Result matrix:
  9254 16797 13295 11707
  6038 12932  8668 13115
  4852  8660  8082  5076
  8634 14675  8795 11543
